1.000000000000000000e+00 0.000000000000000000e+00 0.000000000000000000e+00 0.000000000000000000e+00 0.000000000000000000e+00 0.000000000000000000e+00 0.000000000000000000e+00 0.000000000000000000e+00 0.000000000000000000e+00 0.000000000000000000e+00 0.000000000000000000e+00 0.000000000000000000e+00 0.000000000000000000e+00 0.000000000000000000e+00 0.000000000000000000e+00 0.000000000000000000e+00 0.000000000000000000e+00 0.000000000000000000e+00 0.000000000000000000e+00 0.000000000000000000e+00 0.000000000000000000e+00 0.000000000000000000e+00
1.000000000000000000e+00 0.000000000000000000e+00 0.000000000000000000e+00 0.000000000000000000e+00 0.000000000000000000e+00 0.000000000000000000e+00 0.000000000000000000e+00 0.000000000000000000e+00 0.000000000000000000e+00 0.000000000000000000e+00 0.000000000000000000e+00 0.000000000000000000e+00 0.000000000000000000e+00 0.000000000000000000e+00 0.000000000000000000e+00 0.000000000000000000e+00 0.000000000000000000e+00 0.000000000000000000e+00 0.000000000000000000e+00 0.000000000000000000e+00 0.000000000000000000e+00 0.000000000000000000e+00
0.000000000000000000e+00 2.970050722391080755e-02 0.000000000000000000e+00 0.000000000000000000e+00 0.000000000000000000e+00 0.000000000000000000e+00 0.000000000000000000e+00 0.000000000000000000e+00 0.000000000000000000e+00 0.000000000000000000e+00 0.000000000000000000e+00 0.000000000000000000e+00 0.000000000000000000e+00 0.000000000000000000e+00 0.000000000000000000e+00 0.000000000000000000e+00 0.000000000000000000e+00 0.000000000000000000e+00 0.000000000000000000e+00 0.000000000000000000e+00 0.000000000000000000e+00 0.000000000000000000e+00
0.000000000000000000e+00 8.556708995178486168e-03 1.164384487303192668e-03 0.000000000000000000e+00 0.000000000000000000e+00 0.000000000000000000e+00 0.000000000000000000e+00 0.000000000000000000e+00 0.000000000000000000e+00 0.000000000000000000e+00 0.000000000000000000e+00 0.000000000000000000e+00 0.000000000000000000e+00 0.000000000000000000e+00 0.000000000000000000e+00 0.000000000000000000e+00 0.000000000000000000e+00 0.000000000000000000e+00 0.000000000000000000e+00 0.000000000000000000e+00 0.000000000000000000e+00 0.000000000000000000e+00
0.000000000000000000e+00 1.361981287652356317e-03 2.395438586123417818e-04 2.522031100853597437e-05 0.000000000000000000e+00 0.000000000000000000e+00 0.000000000000000000e+00 0.000000000000000000e+00 0.000000000000000000e+00 0.000000000000000000e+00 0.000000000000000000e+00 0.000000000000000000e+00 0.000000000000000000e+00 0.000000000000000000e+00 0.000000000000000000e+00 0.000000000000000000e+00 0.000000000000000000e+00 0.000000000000000000e+00 0.000000000000000000e+00 0.000000000000000000e+00 0.000000000000000000e+00 0.000000000000000000e+00
0.000000000000000000e+00 1.493994131522306996e-04 2.908573220924455397e-05 3.957944041965494559e-06 3.764591324713317469e-07 0.000000000000000000e+00 0.000000000000000000e+00 0.000000000000000000e+00 0.000000000000000000e+00 0.000000000000000000e+00 0.000000000000000000e+00 0.000000000000000000e+00 0.000000000000000000e+00 0.000000000000000000e+00 0.000000000000000000e+00 0.000000000000000000e+00 0.000000000000000000e+00 0.000000000000000000e+00 0.000000000000000000e+00 0.000000000000000000e+00 0.000000000000000000e+00 0.000000000000000000e+00
0.000000000000000000e+00 1.226428032656831044e-05 2.522369577965367528e-06 3.797035482581647348e-07 4.670764995928027214e-08 4.205335629699132129e-09 0.000000000000000000e+00 0.000000000000000000e+00 0.000000000000000000e+00 0.000000000000000000e+00 0.000000000000000000e+00 0.000000000000000000e+00 0.000000000000000000e+00 0.000000000000000000e+00 0.000000000000000000e+00 0.000000000000000000e+00 0.000000000000000000e+00 0.000000000000000000e+00 0.000000000000000000e+00 0.000000000000000000e+00 0.000000000000000000e+00 0.000000000000000000e+00
0.000000000000000000e+00 7.860915829207463482e-07 1.673628992239082548e-07 2.659572193576428313e-08 3.619107073535245760e-09 4.217238242128837220e-10 3.667932954345816975e-11 0.000000000000000000e+00 0.000000000000000000e+00 0.000000000000000000e+00 0.000000000000000000e+00 0.000000000000000000e+00 0.000000000000000000e+00 0.000000000000000000e+00 0.000000000000000000e+00 0.000000000000000000e+00 0.000000000000000000e+00 0.000000000000000000e+00 0.000000000000000000e+00 0.000000000000000000e+00 0.000000000000000000e+00 0.000000000000000000e+00
0.000000000000000000e+00 4.035940215342618798e-08 8.800742313524730019e-09 1.446708842203468390e-09 2.077792098434697191e-10 2.678924245872854155e-11 3.017712758790332496e-12 2.562610583651594059e-13 0.000000000000000000e+00 0.000000000000000000e+00 0.000000000000000000e+00 0.000000000000000000e+00 0.000000000000000000e+00 0.000000000000000000e+00 0.000000000000000000e+00 0.000000000000000000e+00 0.000000000000000000e+00 0.000000000000000000e+00 0.000000000000000000e+00 0.000000000000000000e+00 0.000000000000000000e+00 0.000000000000000000e+00
0.000000000000000000e+00 1.688180410206582384e-09 3.746655487307202370e-10 6.303873633664025637e-11 9.363214262316840161e-12 1.274132548446016417e-12 1.588460589814983806e-13 1.748203571829891727e-14 1.458634213090086327e-15 0.000000000000000000e+00 0.000000000000000000e+00 0.000000000000000000e+00 0.000000000000000000e+00 0.000000000000000000e+00 0.000000000000000000e+00 0.000000000000000000e+00 0.000000000000000000e+00 0.000000000000000000e+00 0.000000000000000000e+00 0.000000000000000000e+00 0.000000000000000000e+00 0.000000000000000000e+00
0.000000000000000000e+00 5.822401505092349192e-11 1.309846738293940081e-11 2.241680927308467547e-12 3.407017193438793643e-13 4.794301572405435553e-14 6.308899689662094271e-15 7.686566535506678276e-16 8.316840526411624654e-17 6.845723258743297004e-18 0.000000000000000000e+00 0.000000000000000000e+00 0.000000000000000000e+00 0.000000000000000000e+00 0.000000000000000000e+00 0.000000000000000000e+00 0.000000000000000000e+00 0.000000000000000000e+00 0.000000000000000000e+00 0.000000000000000000e+00 0.000000000000000000e+00 0.000000000000000000e+00
0.000000000000000000e+00 1.670522391523711037e-12 3.798981608845923744e-13 6.586846753192686934e-14 1.018007746996389306e-14 1.465666756265131538e-15 1.994457957507654902e-16 2.565192895991199733e-17 3.073447521406274986e-18 3.282424387855900640e-19 2.672754921311086168e-20 0.000000000000000000e+00 0.000000000000000000e+00 0.000000000000000000e+00 0.000000000000000000e+00 0.000000000000000000e+00 0.000000000000000000e+00 0.000000000000000000e+00 0.000000000000000000e+00 0.000000000000000000e+00 0.000000000000000000e+00 0.000000000000000000e+00
0.000000000000000000e+00 4.014488544175886701e-14 9.210602259078649715e-15 1.613542447550932152e-15 2.525805602756234663e-16 3.697442856173352291e-17 5.147628403767240480e-18 6.846691625970641903e-19 8.660810102288759483e-20 1.024514916634883529e-20 1.082942048171386201e-21 8.740307417564137651e-23 0.000000000000000000e+00 0.000000000000000000e+00 0.000000000000000000e+00 0.000000000000000000e+00 0.000000000000000000e+00 0.000000000000000000e+00 0.000000000000000000e+00 0.000000000000000000e+00 0.000000000000000000e+00 0.000000000000000000e+00
0.000000000000000000e+00 8.124046162910691879e-16 1.877767299750821159e-16 3.317276382400647428e-17 5.245401773653854174e-18 7.776235452613308465e-19 1.100695003665433318e-19 1.497809716612228423e-20 1.959468776092655463e-21 2.447524237937118813e-22 2.866217849935335578e-23 3.004336737389273402e-24 2.406902600589766635e-25 0.000000000000000000e+00 0.000000000000000000e+00 0.000000000000000000e+00 0.000000000000000000e+00 0.000000000000000000e+00 0.000000000000000000e+00 0.000000000000000000e+00 0.000000000000000000e+00 0.000000000000000000e+00
0.000000000000000000e+00 1.390478234996511177e-17 3.234180989585055164e-18 5.753566367586906708e-19 9.172423411197868483e-20 1.373397425384969688e-20 1.968581279075917903e-21 2.723488837269789922e-22 3.645294730110045939e-23 4.709283360228401663e-24 5.824008299705219651e-25 6.764789935710239503e-26 7.041429009437593899e-27 5.605830697812298124e-28 0.000000000000000000e+00 0.000000000000000000e+00 0.000000000000000000e+00 0.000000000000000000e+00 0.000000000000000000e+00 0.000000000000000000e+00 0.000000000000000000e+00 0.000000000000000000e+00
0.000000000000000000e+00 2.020018860107408386e-19 4.724012529762798730e-20 8.453772139886548253e-21 1.356873212633342994e-21 2.048080605579289625e-22 2.964793269452349588e-23 4.153476804961331594e-24 5.651990692678355506e-25 7.470735517800151050e-26 9.556421299473562000e-27 1.172375700373315674e-27 1.352562599889198285e-28 1.399578216949838254e-29 1.108206913042628258e-30 0.000000000000000000e+00 0.000000000000000000e+00 0.000000000000000000e+00 0.000000000000000000e+00 0.000000000000000000e+00 0.000000000000000000e+00 0.000000000000000000e+00
0.000000000000000000e+00 2.498272520246251467e-21 5.870188469792104509e-22 1.055834351227815945e-22 1.704378719486506335e-23 2.589785200387830108e-24 3.778984850794629751e-25 5.346450774791151528e-26 7.367071290184832571e-27 9.900220550348541490e-28 1.295787377161719689e-28 1.644377916865344745e-29 2.003933433908885516e-30 2.298752807538475681e-31 2.366616168284517223e-32 1.865068942406237102e-33 0.000000000000000000e+00 0.000000000000000000e+00 0.000000000000000000e+00 0.000000000000000000e+00 0.000000000000000000e+00 0.000000000000000000e+00
0.000000000000000000e+00 2.637009569496223495e-23 6.222119270124247461e-24 1.124083823556035286e-24 1.823449389531448831e-25 2.786272139722040168e-26 4.092545984966248229e-27 5.836189573076712338e-28 8.121252048354819319e-29 1.105128140727001904e-29 1.470612780372808707e-30 1.909597381727299491e-31 2.407415608786142160e-32 2.917430711710795822e-33 3.330311305405678804e-34 3.413530301672974977e-35 2.678899576145027168e-36 0.000000000000000000e+00 0.000000000000000000e+00 0.000000000000000000e+00 0.000000000000000000e+00 0.000000000000000000e+00
0.000000000000000000e+00 2.380714864949363345e-25 5.638312218577109033e-26 1.022571826196139821e-26 1.665831188329418776e-27 2.557635179577139420e-28 3.777551122486120271e-29 5.422325105402351573e-30 7.605256266875716861e-31 1.045115677187966210e-31 1.408293418486233005e-32 1.859277214347649577e-33 2.398547047344251902e-34 3.007154800454366585e-35 3.626832292967476287e-36 4.122584870249829408e-37 4.209244956759658100e-38 3.291105163277474666e-39 0.000000000000000000e+00 0.000000000000000000e+00 0.000000000000000000e+00 0.000000000000000000e+00
0.000000000000000000e+00 1.841771944087355479e-27 4.376496630507019239e-28 7.964622062891241695e-29 1.302317307918326645e-29 2.007807533353029190e-30 2.979491540550392606e-31 4.300309487185659472e-32 6.070934764853971881e-33 8.408821890314626653e-34 1.144260225642231236e-34 1.529764265230552289e-35 2.006540614940585867e-36 2.574362474759124490e-37 3.212394813169824640e-38 3.858361772403610081e-39 4.369488525170795811e-40 4.446019121085434683e-41 3.464654061926284348e-42 0.000000000000000000e+00 0.000000000000000000e+00 0.000000000000000000e+00
0.000000000000000000e+00 1.222931896468124149e-29 2.914754486028751812e-30 5.320790765863871289e-31 8.728829746760043598e-32 1.350621234129622731e-32 2.012439996813459424e-33 2.918163659289074751e-34 4.142241597289856054e-35 5.774781503429764154e-36 7.920489359585137971e-37 1.069337639534550745e-37 1.420345565501207397e-38 1.852881033691642559e-39 2.366138316116122070e-40 2.940560089057652270e-41 3.519101595321823648e-42 3.972201401581431614e-43 4.029362642241229220e-44 3.130516128686560467e-45 0.000000000000000000e+00 0.000000000000000000e+00
0.000000000000000000e+00 0.000000000000000000e+00 0.000000000000000000e+00 0.000000000000000000e+00 0.000000000000000000e+00 0.000000000000000000e+00 0.000000000000000000e+00 0.000000000000000000e+00 0.000000000000000000e+00 0.000000000000000000e+00 0.000000000000000000e+00 0.000000000000000000e+00 0.000000000000000000e+00 0.000000000000000000e+00 0.000000000000000000e+00 0.000000000000000000e+00 0.000000000000000000e+00 0.000000000000000000e+00 0.000000000000000000e+00 0.000000000000000000e+00 0.000000000000000000e+00 0.000000000000000000e+00
